5
5
0 0 9.1058582067E-001
0 1 9.8869478703E-001
0 2 3.7718397379E-001
0 3 9.7636175156E-001
0 4 3.0524152517E-001
1 0 1.0894142091E-001
1 1 1.0051387548E+000
1 2 4.5426514745E-001
1 3 7.4100720882E-001
1 4 8.1397736073E-001
2 0 1.0277492553E-001
2 1 3.4840700030E-001
2 2 8.2733815908E-001
2 3 1.0123330355E+000
2 4 8.9722508192E-001
3 0 5.2723532915E-001
3 1 7.2867423296E-001
3 2 1.3874614239E-001
3 3 7.3689621687E-001
3 4 3.2271325588E-001
4 0 2.8674203157E-001
4 1 7.3278522491E-001
4 2 1.9116134942E-001
4 3 8.0986636877E-001
4 4 8.2939362526E-001
