4
6
0 0 1.5930113196E-001
0 1 4.9640288949E-001
0 2 7.7595067024E-001
0 3 5.2620762587E-001
0 4 7.3484069109E-001
0 5 6.0945528746E-001
1 0 3.6485096812E-001
1 1 4.7482013702E-001
1 2 2.1171633899E-001
1 3 2.2302158177E-001
1 4 9.6711200476E-001
1 5 7.2764647007E-001
2 0 5.6526206434E-002
2 1 2.3432682455E-001
2 2 2.8057554364E-001
2 3 7.1942447685E-003
2 4 7.7389514446E-001
2 5 5.9095579386E-001
3 0 4.2137719691E-002
3 1 9.8663926125E-001
3 2 8.9722508192E-001
3 3 6.7523121834E-001
3 4 2.1993833780E-001
3 5 1.0071942806E+000
